-1 0.290299 0.435106 0.195522 0.129787
-1 0.305224 0.565957 0.213433 0.170213
-1 0.317910 0.724468 0.229851 0.261702
-1 0.525373 0.458511 0.176119 0.180851
-1 0.746269 0.682979 0.197015 0.242553
-1 0.716418 0.454255 0.176119 0.214894
-1 0.537313 0.644681 0.226866 0.221277
-1 0.904478 0.652128 0.125373 0.146809
-1 0.397761 0.213830 0.171642 0.193617
-1 0.555970 0.056383 0.144776 0.104255
-1 0.693284 0.146809 0.129851 0.089362
-1 0.699254 0.050000 0.132836 0.100000
-1 0.822388 0.045745 0.116418 0.087234
-1 0.817910 0.152128 0.113433 0.117021
-1 0.396269 0.056383 0.168657 0.108511
-1 0.208955 0.067021 0.191045 0.121277
-1 0.061194 0.241489 0.122388 0.219149
-1 0.065672 0.453191 0.131343 0.212766
-1 0.059701 0.071277 0.110448 0.129787
-1 0.555224 0.147872 0.149254 0.078723
-1 0.932836 0.048936 0.110448 0.093617
-1 0.928358 0.169149 0.101493 0.151064
-1 0.931343 0.312766 0.083582 0.136170
-1 0.208955 0.236170 0.182090 0.191489